00000100000000010000000000001010
00000100001000010000000000001001
00000100000000100000000000000000
00000100000000110000000000001010
00101000011001000000000000000000
00101000011001010000000000000001
00000000100001010111100000000001
00111101111000000000000000000011
00000100000000100000000000000001
00101100011001000000000000000001
00101100011001010000000000000000
00000100011000110000000000000001
00000000011000010111000000000001
01000101110000000000000000000001
00111011111111111111111111110101
01000100010000000000000000000001
00111011111111111111111111110001
01011100000000000000000000000000